88 0
89 0
90 0
91 0
92 0
93 1
94 1
95 1
96 1
97 1
98 2
99 3
100 3
101 3
102 3
103 3
103 27
104 3
105 4
105 18
105 31
105 33
105 39
105 69
106 5
107 5
107 6
108 7
109 7
110 7
111 8
112 8
113 8
114 8
115 8
116 8
116 18
116 28
116 39
116 53
117 8
118 8
119 8
119 9
119 10
119 18
119 21
119 31
119 39
119 48
119 62
119 71
119 75
120 8
121 8
122 8
123 8
124 8
125 8
126 8
126 51
127 8
128 8
129 10
130 10
130 18
130 35
131 10
132 10
133 10
134 10
135 10
136 10
137 10
138 10
139 10
140 10
141 10
142 10
142 77
143 10
144 10
145 10
146 10
147 10
148 10
149 10
150 10
151 10
152 10
153 10
154 10
155 10
156 10
156 66
156 70
157 10
158 10
159 10
160 10
161 10
162 10
163 10
164 10
165 10
166 10
167 10
168 10
169 10
170 10
171 10
172 10
172 13
172 18
172 68
173 10
173 31
173 53
173 66
174 10
174 60
174 62
175 10
176 11
177 12
178 13
179 13
180 13
181 13
182 13
183 13
184 13
185 14
186 14
187 14
188 14
188 84
189 14
190 14
191 14
192 14
193 15
193 18
193 31
193 35
193 39
194 16
195 16
195 31
196 17
197 17
198 17
199 17
200 17
201 18
201 31
202 18
203 18
204 18
205 18
206 18
207 18
208 18
209 18
210 18
211 18
212 18
213 18
214 18
215 18
216 18
217 18
218 18
219 18
220 18
221 18
222 18
223 18
224 18
225 18
226 19
226 87
227 19
227 87
228 19
228 87
229 19
229 22
229 23
229 40
229 41
229 54
230 19
231 19
232 19
233 19
234 19
235 20
236 20
237 20
238 21
239 22
240 22
241 22
242 22
243 22
244 22
245 22
246 22
247 22
248 22
249 22
250 22
251 22
252 22
253 23
254 23
255 23
256 23
257 23
258 23
259 23
260 24
261 25
262 26
263 26
264 27
265 27
266 27
267 27
268 27
269 27
270 27
270 57
270 68
271 27
272 28
273 28
274 28
275 28
276 28
277 28
278 28
279 28
280 28
281 28
282 28
283 28
284 28
285 28
286 28
287 28
288 28
289 28
290 28
291 28
292 28
293 28
294 28
295 28
296 28
297 28
298 28
299 28
300 28
301 28
302 28
303 28
304 28
304 39
304 52
305 29
306 29
307 30
308 30
309 30
310 30
311 30
312 30
313 30
314 31
315 31
315 57
316 31
317 31
318 31
319 31
320 31
321 31
322 31
323 31
324 31
325 31
326 31
327 31
328 31
329 31
330 31
331 31
332 31
333 31
334 31
335 31
336 31
337 31
338 31
339 31
340 31
341 31
342 31
343 31
344 31
345 31
346 31
347 31
348 31
349 31
350 31
351 31
352 31
353 31
354 31
355 31
356 31
357 31
358 31
359 31
360 31
361 31
362 32
363 32
364 32
365 32
366 32
367 32
368 33
369 33
370 33
371 33
372 33
373 33
374 33
375 33
376 33
377 33
378 33
379 33
380 34
380 39
380 76
381 35
382 35
383 35
384 35
385 35
385 47
386 35
387 35
388 35
389 35
390 35
391 35
392 35
393 35
394 35
395 35
396 35
397 35
398 35
399 35
400 35
401 35
402 35
403 35
404 35
405 35
406 35
407 35
407 58
408 35
409 35
410 36
411 37
412 37
413 37
414 37
415 37
415 79
416 37
417 37
418 37
419 38
420 38
421 38
422 38
423 38
424 38
425 38
426 38
427 38
428 38
429 38
430 38
431 38
432 38
433 38
434 38
435 38
436 39
437 39
438 39
439 39
440 39
441 39
442 39
443 39
444 39
445 39
445 44
446 39
447 39
448 39
449 41
450 42
451 42
452 42
453 42
454 42
455 42
456 43
457 44
458 44
459 44
460 44
461 44
462 45
463 45
464 45
465 45
466 46
467 49
468 49
469 50
470 50
471 50
472 50
473 51
474 51
475 52
476 52
477 52
478 52
479 52
480 53
481 53
482 53
482 66
483 53
484 54
485 54
486 54
487 54
488 54
489 54
490 55
491 55
492 55
493 55
494 55
495 56
496 56
497 56
498 56
499 56
500 57
501 57
502 57
503 57
504 57
505 57
506 57
507 57
508 58
509 58
510 58
511 58
512 59
513 59
514 61
515 62
516 62
517 62
518 62
519 62
519 65
520 63
521 64
522 65
523 65
524 65
525 65
526 65
527 65
528 66
529 66
530 66
531 66
532 66
532 68
533 66
534 66
535 66
536 66
537 66
538 66
539 66
540 66
541 66
542 66
543 66
544 67
544 80
545 67
546 67
547 67
548 67
549 67
550 68
551 68
552 68
553 68
554 68
555 68
556 68
557 68
558 68
559 69
560 69
561 69
562 69
563 69
564 69
565 69
566 69
567 69
568 69
569 69
570 69
571 70
572 70
573 70
574 70
575 70
576 70
577 70
578 70
579 70
580 70
581 70
582 70
583 70
584 70
585 70
586 71
587 71
588 71
589 72
590 72
591 72
592 72
593 73
594 73
595 73
596 73
597 73
598 73
599 74
600 74
601 74
602 74
603 74
604 77
605 77
606 77
607 77
608 77
609 77
610 77
611 77
612 77
613 77
614 77
615 77
616 78
617 78
618 78
619 78
620 78
621 78
622 79
623 79
624 79
625 79
626 79
627 79
628 80
629 80
630 80
631 80
632 80
633 80
634 80
635 80
636 80
637 80
638 81
639 82
640 82
641 82
642 82
643 82
644 82
645 82
646 82
647 83
648 83
649 83
650 83
651 84
652 84
653 84
654 84
655 84
656 84
657 84
658 85
659 86
660 86
661 86
662 86
663 86
664 86
665 86
666 86
667 86
668 86
669 86
670 87
671 87
672 87
