88 0
89 0
90 0
91 0
92 0
93 1
94 1
95 1
96 1
97 1
98 2
99 3
100 3
101 3
102 3
103 3
103 27
104 3
105 4
105 18
105 31
105 33
105 39
105 69
106 5
107 5
107 6
108 7
109 7
110 7
111 8
112 8
113 8
114 8
115 8
116 8
116 18
116 28
116 39
116 53
117 8
118 8
119 8
119 9
119 10
119 18
119 21
119 31
119 39
119 48
119 62
119 71
119 75
120 8
121 8
122 8
123 8
124 8
125 8
126 8
126 51
127 8
128 8
129 10
130 10
130 18
130 35
131 10
132 10
133 10
134 10
135 10
136 10
137 10
138 10
139 10
140 10
141 10
142 10
142 77
143 10
144 10
145 10
146 10
147 10
148 10
149 10
150 10
151 10
152 10
153 10
154 10
155 10
156 10
156 66
156 70
157 10
158 10
159 10
160 10
161 10
162 10
163 10
164 10
165 10
166 10
167 10
168 10
169 10
170 10
171 10
172 10
172 13
172 18
172 68
173 10
173 31
173 53
173 66
174 10
174 60
174 62
175 10
176 11
177 12
178 13
179 13
180 13
181 13
182 13
183 13
184 13
185 14
186 14
187 14
188 14
188 84
189 14
190 14
191 14
192 14
193 15
193 18
193 31
193 35
193 39
194 16
195 16
195 31
196 17
197 17
198 17
199 17
200 17
201 18
201 31
202 18
203 18
204 18
205 18
206 18
207 18
208 18
209 18
210 18
211 18
212 18
213 18
214 18
215 18
216 18
217 18
218 18
219 18
220 18
221 18
222 18
223 18
224 18
225 18
226 19
226 87
227 19
227 87
228 19
228 87
229 19
229 22
229 23
229 40
229 41
229 54
230 19
231 19
232 19
233 19
234 19
235 20
236 20
237 20
238 21
239 22
240 22
241 22
242 22
243 22
244 22
245 22
246 22
247 22
248 22
249 22
250 22
251 22
252 22
253 23
254 23
255 23
256 23
257 23
258 23
259 23
260 24
261 25
262 26
263 26
264 27
265 27
266 27
267 27
268 27
269 27
270 27
270 57
270 68
271 27
272 28
273 28
274 28
275 28
276 28
277 28
278 28
279 28
280 28
281 28
282 28
283 28
284 28
285 28
286 28
287 28
288 28
289 28
290 28
291 28
292 28
293 28
294 28
295 28
296 28
297 28
298 28
299 28
300 28
301 28
302 28
303 28
304 28
304 39
304 52
305 29
306 29
307 30
308 30
309 30
310 30
311 30
312 30
313 30
314 31
315 31
315 57
316 31
317 31
318 31
319 31
320 31
321 31
322 31
323 31
324 31
325 31
326 31
327 31
328 31
329 31
330 31
331 31
332 31
333 31
334 31
335 31
336 31
337 31
338 31
339 31
340 31
341 31
342 31
343 31
344 31
345 31
346 31
347 31
348 31
349 31
350 31
351 31
352 31
353 31
354 31
355 31
356 31
357 31
358 31
359 31
360 31
361 31
362 32
363 32
364 32
365 32
366 32
367 32
368 33
369 33
370 33
371 33
372 33
373 33
374 33
375 33
376 33
377 33
378 33
379 33
380 34
380 39
380 76
381 35
382 35
383 35
384 35
385 35
385 47
386 35
387 35
388 35
389 35
390 35
391 35
392 35
393 35
394 35
395 35
396 35
397 35
398 35
399 35
400 35
401 35
402 35
403 35
404 35
405 35
406 35
407 35
407 58
408 35
409 35
410 36
411 37
412 37
413 37
414 37
415 37
415 79
416 37
417 37
418 37
419 38
420 38
421 38
422 38
423 38
424 38
425 38
426 38
427 38
428 38
429 38
430 38
431 38
432 38
433 38
434 38
435 38
436 39
437 39
438 39
439 39
440 39
441 39
442 39
443 39
444 39
445 39
445 44
446 39
447 39
448 39
449 41
450 42
451 42
452 42
453 42
454 42
455 42
456 43
457 44
458 44
459 44
460 44
461 44
462 45
463 45
464 45
465 45
466 46
467 49
468 49
469 50
470 50
471 50
472 50
473 51
474 51
475 52
476 52
477 52
478 52
479 52
480 53
481 53
482 53
482 66
483 53
484 54
485 54
486 54
487 54
488 54
489 54
490 55
491 55
492 55
493 55
494 55
495 56
496 56
497 56
498 56
499 56
500 57
501 57
502 57
503 57
504 57
505 57
506 57
507 57
508 58
509 58
510 58
511 58
512 59
513 59
514 61
515 62
516 62
517 62
518 62
519 62
519 65
520 63
521 64
522 65
523 65
524 65
525 65
526 65
527 65
528 66
529 66
530 66
531 66
532 66
532 68
533 66
534 66
535 66
536 66
537 66
538 66
539 66
540 66
541 66
542 66
543 66
544 67
544 80
545 67
546 67
547 67
548 67
549 67
550 68
551 68
552 68
553 68
554 68
555 68
556 68
557 68
558 68
559 69
560 69
561 69
562 69
563 69
564 69
565 69
566 69
567 69
568 69
569 69
570 69
571 70
572 70
573 70
574 70
575 70
576 70
577 70
578 70
579 70
580 70
581 70
582 70
583 70
584 70
585 70
586 71
587 71
588 71
589 72
590 72
591 72
592 72
593 73
594 73
595 73
596 73
597 73
598 73
599 74
600 74
601 74
602 74
603 74
604 77
605 77
606 77
607 77
608 77
609 77
610 77
611 77
612 77
613 77
614 77
615 77
616 78
617 78
618 78
619 78
620 78
621 78
622 79
623 79
624 79
625 79
626 79
627 79
628 80
629 80
630 80
631 80
632 80
633 80
634 80
635 80
636 80
637 80
638 81
639 82
640 82
641 82
642 82
643 82
644 82
645 82
646 82
647 83
648 83
649 83
650 83
651 84
652 84
653 84
654 84
655 84
656 84
657 84
658 85
659 86
660 86
661 86
662 86
663 86
664 86
665 86
666 86
667 86
668 86
669 86
670 87
671 87
672 87
34 33
48 9
63 42
64 42
64 63
75 9
75 48
76 34
77 1
89 88
90 88
90 89
91 88
91 89
91 90
92 88
92 89
92 90
92 91
94 93
95 93
95 94
96 93
96 94
96 95
97 93
97 94
97 95
97 96
100 99
101 99
101 100
102 99
102 100
102 101
104 99
104 100
104 101
104 102
109 108
110 108
110 109
112 111
113 111
113 112
114 111
114 112
114 113
115 111
115 112
115 113
115 114
117 111
117 112
117 113
117 114
117 115
118 111
118 112
118 113
118 114
118 115
118 117
120 111
120 112
120 113
120 114
120 115
120 117
120 118
121 111
121 112
121 113
121 114
121 115
121 117
121 118
121 120
122 111
122 112
122 113
122 114
122 115
122 117
122 118
122 120
122 121
123 111
123 112
123 113
123 114
123 115
123 117
123 118
123 120
123 121
123 122
124 111
124 112
124 113
124 114
124 115
124 117
124 118
124 120
124 121
124 122
124 123
125 111
125 112
125 113
125 114
125 115
125 117
125 118
125 120
125 121
125 122
125 123
125 124
127 111
127 112
127 113
127 114
127 115
127 117
127 118
127 120
127 121
127 122
127 123
127 124
127 125
128 111
128 112
128 113
128 114
128 115
128 117
128 118
128 120
128 121
128 122
128 123
128 124
128 125
128 127
131 129
132 129
132 131
133 129
133 131
133 132
134 129
134 131
134 132
134 133
135 129
135 131
135 132
135 133
135 134
136 129
136 131
136 132
136 133
136 134
136 135
137 129
137 131
137 132
137 133
137 134
137 135
137 136
138 129
138 131
138 132
138 133
138 134
138 135
138 136
138 137
139 129
139 131
139 132
139 133
139 134
139 135
139 136
139 137
139 138
140 129
140 131
140 132
140 133
140 134
140 135
140 136
140 137
140 138
140 139
141 129
141 131
141 132
141 133
141 134
141 135
141 136
141 137
141 138
141 139
141 140
143 129
143 131
143 132
143 133
143 134
143 135
143 136
143 137
143 138
143 139
143 140
143 141
144 129
144 131
144 132
144 133
144 134
144 135
144 136
144 137
144 138
144 139
144 140
144 141
144 143
145 129
145 131
145 132
145 133
145 134
145 135
145 136
145 137
145 138
145 139
145 140
145 141
145 143
145 144
146 129
146 131
146 132
146 133
146 134
146 135
146 136
146 137
146 138
146 139
146 140
146 141
146 143
146 144
146 145
147 129
147 131
147 132
147 133
147 134
147 135
147 136
147 137
147 138
147 139
147 140
147 141
147 143
147 144
147 145
147 146
148 129
148 131
148 132
148 133
148 134
148 135
148 136
148 137
148 138
148 139
148 140
148 141
148 143
148 144
148 145
148 146
148 147
149 129
149 131
149 132
149 133
149 134
149 135
149 136
149 137
149 138
149 139
149 140
149 141
149 143
149 144
149 145
149 146
149 147
149 148
150 129
150 131
150 132
150 133
150 134
150 135
150 136
150 137
150 138
150 139
150 140
150 141
150 143
150 144
150 145
150 146
150 147
150 148
150 149
151 129
151 131
151 132
151 133
151 134
151 135
151 136
151 137
151 138
151 139
151 140
151 141
151 143
151 144
151 145
151 146
151 147
151 148
151 149
151 150
152 129
152 131
152 132
152 133
152 134
152 135
152 136
152 137
152 138
152 139
152 140
152 141
152 143
152 144
152 145
152 146
152 147
152 148
152 149
152 150
152 151
153 129
153 131
153 132
153 133
153 134
153 135
153 136
153 137
153 138
153 139
153 140
153 141
153 143
153 144
153 145
153 146
153 147
153 148
153 149
153 150
153 151
153 152
154 129
154 131
154 132
154 133
154 134
154 135
154 136
154 137
154 138
154 139
154 140
154 141
154 143
154 144
154 145
154 146
154 147
154 148
154 149
154 150
154 151
154 152
154 153
155 129
155 131
155 132
155 133
155 134
155 135
155 136
155 137
155 138
155 139
155 140
155 141
155 143
155 144
155 145
155 146
155 147
155 148
155 149
155 150
155 151
155 152
155 153
155 154
157 129
157 131
157 132
157 133
157 134
157 135
157 136
157 137
157 138
157 139
157 140
157 141
157 143
157 144
157 145
157 146
157 147
157 148
157 149
157 150
157 151
157 152
157 153
157 154
157 155
158 129
158 131
158 132
158 133
158 134
158 135
158 136
158 137
158 138
158 139
158 140
158 141
158 143
158 144
158 145
158 146
158 147
158 148
158 149
158 150
158 151
158 152
158 153
158 154
158 155
158 157
159 129
159 131
159 132
159 133
159 134
159 135
159 136
159 137
159 138
159 139
159 140
159 141
159 143
159 144
159 145
159 146
159 147
159 148
159 149
159 150
159 151
159 152
159 153
159 154
159 155
159 157
159 158
160 129
160 131
160 132
160 133
160 134
160 135
160 136
160 137
160 138
160 139
160 140
160 141
160 143
160 144
160 145
160 146
160 147
160 148
160 149
160 150
160 151
160 152
160 153
160 154
160 155
160 157
160 158
160 159
161 129
161 131
161 132
161 133
161 134
161 135
161 136
161 137
161 138
161 139
161 140
161 141
161 143
161 144
161 145
161 146
161 147
161 148
161 149
161 150
161 151
161 152
161 153
161 154
161 155
161 157
161 158
161 159
161 160
162 129
162 131
162 132
162 133
162 134
162 135
162 136
162 137
162 138
162 139
162 140
162 141
162 143
162 144
162 145
162 146
162 147
162 148
162 149
162 150
162 151
162 152
162 153
162 154
162 155
162 157
162 158
162 159
162 160
162 161
163 129
163 131
163 132
163 133
163 134
163 135
163 136
163 137
163 138
163 139
163 140
163 141
163 143
163 144
163 145
163 146
163 147
163 148
163 149
163 150
163 151
163 152
163 153
163 154
163 155
163 157
163 158
163 159
163 160
163 161
163 162
164 129
164 131
164 132
164 133
164 134
164 135
164 136
164 137
164 138
164 139
164 140
164 141
164 143
164 144
164 145
164 146
164 147
164 148
164 149
164 150
164 151
164 152
164 153
164 154
164 155
164 157
164 158
164 159
164 160
164 161
164 162
164 163
165 129
165 131
165 132
165 133
165 134
165 135
165 136
165 137
165 138
165 139
165 140
165 141
165 143
165 144
165 145
165 146
165 147
165 148
165 149
165 150
165 151
165 152
165 153
165 154
165 155
165 157
165 158
165 159
165 160
165 161
165 162
165 163
165 164
166 129
166 131
166 132
166 133
166 134
166 135
166 136
166 137
166 138
166 139
166 140
166 141
166 143
166 144
166 145
166 146
166 147
166 148
166 149
166 150
166 151
166 152
166 153
166 154
166 155
166 157
166 158
166 159
166 160
166 161
166 162
166 163
166 164
166 165
167 129
167 131
167 132
167 133
167 134
167 135
167 136
167 137
167 138
167 139
167 140
167 141
167 143
167 144
167 145
167 146
167 147
167 148
167 149
167 150
167 151
167 152
167 153
167 154
167 155
167 157
167 158
167 159
167 160
167 161
167 162
167 163
167 164
167 165
167 166
168 129
168 131
168 132
168 133
168 134
168 135
168 136
168 137
168 138
168 139
168 140
168 141
168 143
168 144
168 145
168 146
168 147
168 148
168 149
168 150
168 151
168 152
168 153
168 154
168 155
168 157
168 158
168 159
168 160
168 161
168 162
168 163
168 164
168 165
168 166
168 167
169 129
169 131
169 132
169 133
169 134
169 135
169 136
169 137
169 138
169 139
169 140
169 141
169 143
169 144
169 145
169 146
169 147
169 148
169 149
169 150
169 151
169 152
169 153
169 154
169 155
169 157
169 158
169 159
169 160
169 161
169 162
169 163
169 164
169 165
169 166
169 167
169 168
170 129
170 131
170 132
170 133
170 134
170 135
170 136
170 137
170 138
170 139
170 140
170 141
170 143
170 144
170 145
170 146
170 147
170 148
170 149
170 150
170 151
170 152
170 153
170 154
170 155
170 157
170 158
170 159
170 160
170 161
170 162
170 163
170 164
170 165
170 166
170 167
170 168
170 169
171 129
171 131
171 132
171 133
171 134
171 135
171 136
171 137
171 138
171 139
171 140
171 141
171 143
171 144
171 145
171 146
171 147
171 148
171 149
171 150
171 151
171 152
171 153
171 154
171 155
171 157
171 158
171 159
171 160
171 161
171 162
171 163
171 164
171 165
171 166
171 167
171 168
171 169
171 170
175 129
175 131
175 132
175 133
175 134
175 135
175 136
175 137
175 138
175 139
175 140
175 141
175 143
175 144
175 145
175 146
175 147
175 148
175 149
175 150
175 151
175 152
175 153
175 154
175 155
175 157
175 158
175 159
175 160
175 161
175 162
175 163
175 164
175 165
175 166
175 167
175 168
175 169
175 170
175 171
179 178
180 178
180 179
181 178
181 179
181 180
182 178
182 179
182 180
182 181
183 178
183 179
183 180
183 181
183 182
184 178
184 179
184 180
184 181
184 182
184 183
186 185
187 185
187 186
189 185
189 186
189 187
190 185
190 186
190 187
190 189
191 185
191 186
191 187
191 189
191 190
192 185
192 186
192 187
192 189
192 190
192 191
196 119
197 119
197 196
198 119
198 196
198 197
199 119
199 196
199 197
199 198
200 119
200 196
200 197
200 198
200 199
201 119
203 202
204 202
204 203
205 202
205 203
205 204
206 202
206 203
206 204
206 205
207 202
207 203
207 204
207 205
207 206
208 202
208 203
208 204
208 205
208 206
208 207
209 202
209 203
209 204
209 205
209 206
209 207
209 208
210 202
210 203
210 204
210 205
210 206
210 207
210 208
210 209
211 202
211 203
211 204
211 205
211 206
211 207
211 208
211 209
211 210
212 202
212 203
212 204
212 205
212 206
212 207
212 208
212 209
212 210
212 211
213 202
213 203
213 204
213 205
213 206
213 207
213 208
213 209
213 210
213 211
213 212
214 202
214 203
214 204
214 205
214 206
214 207
214 208
214 209
214 210
214 211
214 212
214 213
215 202
215 203
215 204
215 205
215 206
215 207
215 208
215 209
215 210
215 211
215 212
215 213
215 214
216 202
216 203
216 204
216 205
216 206
216 207
216 208
216 209
216 210
216 211
216 212
216 213
216 214
216 215
217 202
217 203
217 204
217 205
217 206
217 207
217 208
217 209
217 210
217 211
217 212
217 213
217 214
217 215
217 216
218 202
218 203
218 204
218 205
218 206
218 207
218 208
218 209
218 210
218 211
218 212
218 213
218 214
218 215
218 216
218 217
219 202
219 203
219 204
219 205
219 206
219 207
219 208
219 209
219 210
219 211
219 212
219 213
219 214
219 215
219 216
219 217
219 218
220 202
220 203
220 204
220 205
220 206
220 207
220 208
220 209
220 210
220 211
220 212
220 213
220 214
220 215
220 216
220 217
220 218
220 219
221 202
221 203
221 204
221 205
221 206
221 207
221 208
221 209
221 210
221 211
221 212
221 213
221 214
221 215
221 216
221 217
221 218
221 219
221 220
222 202
222 203
222 204
222 205
222 206
222 207
222 208
222 209
222 210
222 211
222 212
222 213
222 214
222 215
222 216
222 217
222 218
222 219
222 220
222 221
223 202
223 203
223 204
223 205
223 206
223 207
223 208
223 209
223 210
223 211
223 212
223 213
223 214
223 215
223 216
223 217
223 218
223 219
223 220
223 221
223 222
224 202
224 203
224 204
224 205
224 206
224 207
224 208
224 209
224 210
224 211
224 212
224 213
224 214
224 215
224 216
224 217
224 218
224 219
224 220
224 221
224 222
224 223
225 202
225 203
225 204
225 205
225 206
225 207
225 208
225 209
225 210
225 211
225 212
225 213
225 214
225 215
225 216
225 217
225 218
225 219
225 220
225 221
225 222
225 223
225 224
227 226
228 226
228 227
231 230
232 230
232 231
233 230
233 231
233 232
234 230
234 231
234 232
234 233
236 235
237 235
237 236
240 239
241 239
241 240
242 239
242 240
242 241
243 239
243 240
243 241
243 242
244 239
244 240
244 241
244 242
244 243
245 239
245 240
245 241
245 242
245 243
245 244
246 239
246 240
246 241
246 242
246 243
246 244
246 245
247 239
247 240
247 241
247 242
247 243
247 244
247 245
247 246
248 239
248 240
248 241
248 242
248 243
248 244
248 245
248 246
248 247
249 239
249 240
249 241
249 242
249 243
249 244
249 245
249 246
249 247
249 248
250 239
250 240
250 241
250 242
250 243
250 244
250 245
250 246
250 247
250 248
250 249
251 239
251 240
251 241
251 242
251 243
251 244
251 245
251 246
251 247
251 248
251 249
251 250
252 239
252 240
252 241
252 242
252 243
252 244
252 245
252 246
252 247
252 248
252 249
252 250
252 251
254 253
255 253
255 254
256 253
256 254
256 255
257 253
257 254
257 255
257 256
258 253
258 254
258 255
258 256
258 257
259 253
259 254
259 255
259 256
259 257
259 258
263 262
264 119
265 119
265 264
266 119
266 264
266 265
267 119
267 264
267 265
267 266
268 119
268 264
268 265
268 266
268 267
269 119
269 264
269 265
269 266
269 267
269 268
271 119
271 264
271 265
271 266
271 267
271 268
271 269
273 272
274 272
274 273
275 272
275 273
275 274
276 272
276 273
276 274
276 275
277 272
277 273
277 274
277 275
277 276
278 272
278 273
278 274
278 275
278 276
278 277
279 272
279 273
279 274
279 275
279 276
279 277
279 278
280 272
280 273
280 274
280 275
280 276
280 277
280 278
280 279
281 272
281 273
281 274
281 275
281 276
281 277
281 278
281 279
281 280
282 272
282 273
282 274
282 275
282 276
282 277
282 278
282 279
282 280
282 281
283 272
283 273
283 274
283 275
283 276
283 277
283 278
283 279
283 280
283 281
283 282
284 272
284 273
284 274
284 275
284 276
284 277
284 278
284 279
284 280
284 281
284 282
284 283
285 272
285 273
285 274
285 275
285 276
285 277
285 278
285 279
285 280
285 281
285 282
285 283
285 284
286 272
286 273
286 274
286 275
286 276
286 277
286 278
286 279
286 280
286 281
286 282
286 283
286 284
286 285
287 272
287 273
287 274
287 275
287 276
287 277
287 278
287 279
287 280
287 281
287 282
287 283
287 284
287 285
287 286
288 272
288 273
288 274
288 275
288 276
288 277
288 278
288 279
288 280
288 281
288 282
288 283
288 284
288 285
288 286
288 287
289 272
289 273
289 274
289 275
289 276
289 277
289 278
289 279
289 280
289 281
289 282
289 283
289 284
289 285
289 286
289 287
289 288
290 272
290 273
290 274
290 275
290 276
290 277
290 278
290 279
290 280
290 281
290 282
290 283
290 284
290 285
290 286
290 287
290 288
290 289
291 272
291 273
291 274
291 275
291 276
291 277
291 278
291 279
291 280
291 281
291 282
291 283
291 284
291 285
291 286
291 287
291 288
291 289
291 290
292 272
292 273
292 274
292 275
292 276
292 277
292 278
292 279
292 280
292 281
292 282
292 283
292 284
292 285
292 286
292 287
292 288
292 289
292 290
292 291
293 272
293 273
293 274
293 275
293 276
293 277
293 278
293 279
293 280
293 281
293 282
293 283
293 284
293 285
293 286
293 287
293 288
293 289
293 290
293 291
293 292
294 272
294 273
294 274
294 275
294 276
294 277
294 278
294 279
294 280
294 281
294 282
294 283
294 284
294 285
294 286
294 287
294 288
294 289
294 290
294 291
294 292
294 293
295 272
295 273
295 274
295 275
295 276
295 277
295 278
295 279
295 280
295 281
295 282
295 283
295 284
295 285
295 286
295 287
295 288
295 289
295 290
295 291
295 292
295 293
295 294
296 272
296 273
296 274
296 275
296 276
296 277
296 278
296 279
296 280
296 281
296 282
296 283
296 284
296 285
296 286
296 287
296 288
296 289
296 290
296 291
296 292
296 293
296 294
296 295
297 272
297 273
297 274
297 275
297 276
297 277
297 278
297 279
297 280
297 281
297 282
297 283
297 284
297 285
297 286
297 287
297 288
297 289
297 290
297 291
297 292
297 293
297 294
297 295
297 296
298 272
298 273
298 274
298 275
298 276
298 277
298 278
298 279
298 280
298 281
298 282
298 283
298 284
298 285
298 286
298 287
298 288
298 289
298 290
298 291
298 292
298 293
298 294
298 295
298 296
298 297
299 272
299 273
299 274
299 275
299 276
299 277
299 278
299 279
299 280
299 281
299 282
299 283
299 284
299 285
299 286
299 287
299 288
299 289
299 290
299 291
299 292
299 293
299 294
299 295
299 296
299 297
299 298
300 272
300 273
300 274
300 275
300 276
300 277
300 278
300 279
300 280
300 281
300 282
300 283
300 284
300 285
300 286
300 287
300 288
300 289
300 290
300 291
300 292
300 293
300 294
300 295
300 296
300 297
300 298
300 299
301 272
301 273
301 274
301 275
301 276
301 277
301 278
301 279
301 280
301 281
301 282
301 283
301 284
301 285
301 286
301 287
301 288
301 289
301 290
301 291
301 292
301 293
301 294
301 295
301 296
301 297
301 298
301 299
301 300
302 272
302 273
302 274
302 275
302 276
302 277
302 278
302 279
302 280
302 281
302 282
302 283
302 284
302 285
302 286
302 287
302 288
302 289
302 290
302 291
302 292
302 293
302 294
302 295
302 296
302 297
302 298
302 299
302 300
302 301
303 272
303 273
303 274
303 275
303 276
303 277
303 278
303 279
303 280
303 281
303 282
303 283
303 284
303 285
303 286
303 287
303 288
303 289
303 290
303 291
303 292
303 293
303 294
303 295
303 296
303 297
303 298
303 299
303 300
303 301
303 302
306 305
308 307
309 307
309 308
310 307
310 308
310 309
311 307
311 308
311 309
311 310
312 307
312 308
312 309
312 310
312 311
313 307
313 308
313 309
313 310
313 311
313 312
316 314
317 314
317 316
318 314
318 316
318 317
319 314
319 316
319 317
319 318
320 314
320 316
320 317
320 318
320 319
321 314
321 316
321 317
321 318
321 319
321 320
322 314
322 316
322 317
322 318
322 319
322 320
322 321
323 314
323 316
323 317
323 318
323 319
323 320
323 321
323 322
324 314
324 316
324 317
324 318
324 319
324 320
324 321
324 322
324 323
325 314
325 316
325 317
325 318
325 319
325 320
325 321
325 322
325 323
325 324
326 314
326 316
326 317
326 318
326 319
326 320
326 321
326 322
326 323
326 324
326 325
327 314
327 316
327 317
327 318
327 319
327 320
327 321
327 322
327 323
327 324
327 325
327 326
328 314
328 316
328 317
328 318
328 319
328 320
328 321
328 322
328 323
328 324
328 325
328 326
328 327
329 314
329 316
329 317
329 318
329 319
329 320
329 321
329 322
329 323
329 324
329 325
329 326
329 327
329 328
330 314
330 316
330 317
330 318
330 319
330 320
330 321
330 322
330 323
330 324
330 325
330 326
330 327
330 328
330 329
331 314
331 316
331 317
331 318
331 319
331 320
331 321
331 322
331 323
331 324
331 325
331 326
331 327
331 328
331 329
331 330
332 314
332 316
332 317
332 318
332 319
332 320
332 321
332 322
332 323
332 324
332 325
332 326
332 327
332 328
332 329
332 330
332 331
333 314
333 316
333 317
333 318
333 319
333 320
333 321
333 322
333 323
333 324
333 325
333 326
333 327
333 328
333 329
333 330
333 331
333 332
334 314
334 316
334 317
334 318
334 319
334 320
334 321
334 322
334 323
334 324
334 325
334 326
334 327
334 328
334 329
334 330
334 331
334 332
334 333
335 314
335 316
335 317
335 318
335 319
335 320
335 321
335 322
335 323
335 324
335 325
335 326
335 327
335 328
335 329
335 330
335 331
335 332
335 333
335 334
336 314
336 316
336 317
336 318
336 319
336 320
336 321
336 322
336 323
336 324
336 325
336 326
336 327
336 328
336 329
336 330
336 331
336 332
336 333
336 334
336 335
337 314
337 316
337 317
337 318
337 319
337 320
337 321
337 322
337 323
337 324
337 325
337 326
337 327
337 328
337 329
337 330
337 331
337 332
337 333
337 334
337 335
337 336
338 314
338 316
338 317
338 318
338 319
338 320
338 321
338 322
338 323
338 324
338 325
338 326
338 327
338 328
338 329
338 330
338 331
338 332
338 333
338 334
338 335
338 336
338 337
339 314
339 316
339 317
339 318
339 319
339 320
339 321
339 322
339 323
339 324
339 325
339 326
339 327
339 328
339 329
339 330
339 331
339 332
339 333
339 334
339 335
339 336
339 337
339 338
340 314
340 316
340 317
340 318
340 319
340 320
340 321
340 322
340 323
340 324
340 325
340 326
340 327
340 328
340 329
340 330
340 331
340 332
340 333
340 334
340 335
340 336
340 337
340 338
340 339
341 314
341 316
341 317
341 318
341 319
341 320
341 321
341 322
341 323
341 324
341 325
341 326
341 327
341 328
341 329
341 330
341 331
341 332
341 333
341 334
341 335
341 336
341 337
341 338
341 339
341 340
342 314
342 316
342 317
342 318
342 319
342 320
342 321
342 322
342 323
342 324
342 325
342 326
342 327
342 328
342 329
342 330
342 331
342 332
342 333
342 334
342 335
342 336
342 337
342 338
342 339
342 340
342 341
343 314
343 316
343 317
343 318
343 319
343 320
343 321
343 322
343 323
343 324
343 325
343 326
343 327
343 328
343 329
343 330
343 331
343 332
343 333
343 334
343 335
343 336
343 337
343 338
343 339
343 340
343 341
343 342
344 314
344 316
344 317
344 318
344 319
344 320
344 321
344 322
344 323
344 324
344 325
344 326
344 327
344 328
344 329
344 330
344 331
344 332
344 333
344 334
344 335
344 336
344 337
344 338
344 339
344 340
344 341
344 342
344 343
345 314
345 316
345 317
345 318
345 319
345 320
345 321
345 322
345 323
345 324
345 325
345 326
345 327
345 328
345 329
345 330
345 331
345 332
345 333
345 334
345 335
345 336
345 337
345 338
345 339
345 340
345 341
345 342
345 343
345 344
346 314
346 316
346 317
346 318
346 319
346 320
346 321
346 322
346 323
346 324
346 325
346 326
346 327
346 328
346 329
346 330
346 331
346 332
346 333
346 334
346 335
346 336
346 337
346 338
346 339
346 340
346 341
346 342
346 343
346 344
346 345
347 314
347 316
347 317
347 318
347 319
347 320
347 321
347 322
347 323
347 324
347 325
347 326
347 327
347 328
347 329
347 330
347 331
347 332
347 333
347 334
347 335
347 336
347 337
347 338
347 339
347 340
347 341
347 342
347 343
347 344
347 345
347 346
348 314
348 316
348 317
348 318
348 319
348 320
348 321
348 322
348 323
348 324
348 325
348 326
348 327
348 328
348 329
348 330
348 331
348 332
348 333
348 334
348 335
348 336
348 337
348 338
348 339
348 340
348 341
348 342
348 343
348 344
348 345
348 346
348 347
349 314
349 316
349 317
349 318
349 319
349 320
349 321
349 322
349 323
349 324
349 325
349 326
349 327
349 328
349 329
349 330
349 331
349 332
349 333
349 334
349 335
349 336
349 337
349 338
349 339
349 340
349 341
349 342
349 343
349 344
349 345
349 346
349 347
349 348
350 314
350 316
350 317
350 318
350 319
350 320
350 321
350 322
350 323
350 324
350 325
350 326
350 327
350 328
350 329
350 330
350 331
350 332
350 333
350 334
350 335
350 336
350 337
350 338
350 339
350 340
350 341
350 342
350 343
350 344
350 345
350 346
350 347
350 348
350 349
351 314
351 316
351 317
351 318
351 319
351 320
351 321
351 322
351 323
351 324
351 325
351 326
351 327
351 328
351 329
351 330
351 331
351 332
351 333
351 334
351 335
351 336
351 337
351 338
351 339
351 340
351 341
351 342
351 343
351 344
351 345
351 346
351 347
351 348
351 349
351 350
352 314
352 316
352 317
352 318
352 319
352 320
352 321
352 322
352 323
352 324
352 325
352 326
352 327
352 328
352 329
352 330
352 331
352 332
352 333
352 334
352 335
352 336
352 337
352 338
352 339
352 340
352 341
352 342
352 343
352 344
352 345
352 346
352 347
352 348
352 349
352 350
352 351
353 314
353 316
353 317
353 318
353 319
353 320
353 321
353 322
353 323
353 324
353 325
353 326
353 327
353 328
353 329
353 330
353 331
353 332
353 333
353 334
353 335
353 336
353 337
353 338
353 339
353 340
353 341
353 342
353 343
353 344
353 345
353 346
353 347
353 348
353 349
353 350
353 351
353 352
354 314
354 316
354 317
354 318
354 319
354 320
354 321
354 322
354 323
354 324
354 325
354 326
354 327
354 328
354 329
354 330
354 331
354 332
354 333
354 334
354 335
354 336
354 337
354 338
354 339
354 340
354 341
354 342
354 343
354 344
354 345
354 346
354 347
354 348
354 349
354 350
354 351
354 352
354 353
355 314
355 316
355 317
355 318
355 319
355 320
355 321
355 322
355 323
355 324
355 325
355 326
355 327
355 328
355 329
355 330
355 331
355 332
355 333
355 334
355 335
355 336
355 337
355 338
355 339
355 340
355 341
355 342
355 343
355 344
355 345
355 346
355 347
355 348
355 349
355 350
355 351
355 352
355 353
355 354
356 314
356 316
356 317
356 318
356 319
356 320
356 321
356 322
356 323
356 324
356 325
356 326
356 327
356 328
356 329
356 330
356 331
356 332
356 333
356 334
356 335
356 336
356 337
356 338
356 339
356 340
356 341
356 342
356 343
356 344
356 345
356 346
356 347
356 348
356 349
356 350
356 351
356 352
356 353
356 354
356 355
357 314
357 316
357 317
357 318
357 319
357 320
357 321
357 322
357 323
357 324
357 325
357 326
357 327
357 328
357 329
357 330
357 331
357 332
357 333
357 334
357 335
357 336
357 337
357 338
357 339
357 340
357 341
357 342
357 343
357 344
357 345
357 346
357 347
357 348
357 349
357 350
357 351
357 352
357 353
357 354
357 355
357 356
358 314
358 316
358 317
358 318
358 319
358 320
358 321
358 322
358 323
358 324
358 325
358 326
358 327
358 328
358 329
358 330
358 331
358 332
358 333
358 334
358 335
358 336
358 337
358 338
358 339
358 340
358 341
358 342
358 343
358 344
358 345
358 346
358 347
358 348
358 349
358 350
358 351
358 352
358 353
358 354
358 355
358 356
358 357
359 314
359 316
359 317
359 318
359 319
359 320
359 321
359 322
359 323
359 324
359 325
359 326
359 327
359 328
359 329
359 330
359 331
359 332
359 333
359 334
359 335
359 336
359 337
359 338
359 339
359 340
359 341
359 342
359 343
359 344
359 345
359 346
359 347
359 348
359 349
359 350
359 351
359 352
359 353
359 354
359 355
359 356
359 357
359 358
360 314
360 316
360 317
360 318
360 319
360 320
360 321
360 322
360 323
360 324
360 325
360 326
360 327
360 328
360 329
360 330
360 331
360 332
360 333
360 334
360 335
360 336
360 337
360 338
360 339
360 340
360 341
360 342
360 343
360 344
360 345
360 346
360 347
360 348
360 349
360 350
360 351
360 352
360 353
360 354
360 355
360 356
360 357
360 358
360 359
361 314
361 316
361 317
361 318
361 319
361 320
361 321
361 322
361 323
361 324
361 325
361 326
361 327
361 328
361 329
361 330
361 331
361 332
361 333
361 334
361 335
361 336
361 337
361 338
361 339
361 340
361 341
361 342
361 343
361 344
361 345
361 346
361 347
361 348
361 349
361 350
361 351
361 352
361 353
361 354
361 355
361 356
361 357
361 358
361 359
361 360
363 362
364 362
364 363
365 362
365 363
365 364
366 362
366 363
366 364
366 365
367 362
367 363
367 364
367 365
367 366
369 368
370 368
370 369
371 368
371 369
371 370
372 368
372 369
372 370
372 371
373 368
373 369
373 370
373 371
373 372
374 368
374 369
374 370
374 371
374 372
374 373
375 368
375 369
375 370
375 371
375 372
375 373
375 374
376 368
376 369
376 370
376 371
376 372
376 373
376 374
376 375
377 368
377 369
377 370
377 371
377 372
377 373
377 374
377 375
377 376
378 368
378 369
378 370
378 371
378 372
378 373
378 374
378 375
378 376
378 377
379 368
379 369
379 370
379 371
379 372
379 373
379 374
379 375
379 376
379 377
379 378
382 381
383 381
383 382
384 381
384 382
384 383
386 381
386 382
386 383
386 384
387 381
387 382
387 383
387 384
387 386
388 381
388 382
388 383
388 384
388 386
388 387
389 381
389 382
389 383
389 384
389 386
389 387
389 388
390 381
390 382
390 383
390 384
390 386
390 387
390 388
390 389
391 381
391 382
391 383
391 384
391 386
391 387
391 388
391 389
391 390
392 381
392 382
392 383
392 384
392 386
392 387
392 388
392 389
392 390
392 391
393 381
393 382
393 383
393 384
393 386
393 387
393 388
393 389
393 390
393 391
393 392
394 381
394 382
394 383
394 384
394 386
394 387
394 388
394 389
394 390
394 391
394 392
394 393
395 381
395 382
395 383
395 384
395 386
395 387
395 388
395 389
395 390
395 391
395 392
395 393
395 394
396 381
396 382
396 383
396 384
396 386
396 387
396 388
396 389
396 390
396 391
396 392
396 393
396 394
396 395
397 381
397 382
397 383
397 384
397 386
397 387
397 388
397 389
397 390
397 391
397 392
397 393
397 394
397 395
397 396
398 381
398 382
398 383
398 384
398 386
398 387
398 388
398 389
398 390
398 391
398 392
398 393
398 394
398 395
398 396
398 397
399 381
399 382
399 383
399 384
399 386
399 387
399 388
399 389
399 390
399 391
399 392
399 393
399 394
399 395
399 396
399 397
399 398
400 381
400 382
400 383
400 384
400 386
400 387
400 388
400 389
400 390
400 391
400 392
400 393
400 394
400 395
400 396
400 397
400 398
400 399
401 381
401 382
401 383
401 384
401 386
401 387
401 388
401 389
401 390
401 391
401 392
401 393
401 394
401 395
401 396
401 397
401 398
401 399
401 400
402 381
402 382
402 383
402 384
402 386
402 387
402 388
402 389
402 390
402 391
402 392
402 393
402 394
402 395
402 396
402 397
402 398
402 399
402 400
402 401
403 381
403 382
403 383
403 384
403 386
403 387
403 388
403 389
403 390
403 391
403 392
403 393
403 394
403 395
403 396
403 397
403 398
403 399
403 400
403 401
403 402
404 381
404 382
404 383
404 384
404 386
404 387
404 388
404 389
404 390
404 391
404 392
404 393
404 394
404 395
404 396
404 397
404 398
404 399
404 400
404 401
404 402
404 403
405 381
405 382
405 383
405 384
405 386
405 387
405 388
405 389
405 390
405 391
405 392
405 393
405 394
405 395
405 396
405 397
405 398
405 399
405 400
405 401
405 402
405 403
405 404
406 381
406 382
406 383
406 384
406 386
406 387
406 388
406 389
406 390
406 391
406 392
406 393
406 394
406 395
406 396
406 397
406 398
406 399
406 400
406 401
406 402
406 403
406 404
406 405
408 381
408 382
408 383
408 384
408 386
408 387
408 388
408 389
408 390
408 391
408 392
408 393
408 394
408 395
408 396
408 397
408 398
408 399
408 400
408 401
408 402
408 403
408 404
408 405
408 406
409 381
409 382
409 383
409 384
409 386
409 387
409 388
409 389
409 390
409 391
409 392
409 393
409 394
409 395
409 396
409 397
409 398
409 399
409 400
409 401
409 402
409 403
409 404
409 405
409 406
409 408
412 411
413 411
413 412
414 411
414 412
414 413
416 411
416 412
416 413
416 414
417 411
417 412
417 413
417 414
417 416
418 411
418 412
418 413
418 414
418 416
418 417
420 419
421 419
421 420
422 419
422 420
422 421
423 419
423 420
423 421
423 422
424 419
424 420
424 421
424 422
424 423
425 419
425 420
425 421
425 422
425 423
425 424
426 419
426 420
426 421
426 422
426 423
426 424
426 425
427 419
427 420
427 421
427 422
427 423
427 424
427 425
427 426
428 419
428 420
428 421
428 422
428 423
428 424
428 425
428 426
428 427
429 419
429 420
429 421
429 422
429 423
429 424
429 425
429 426
429 427
429 428
430 419
430 420
430 421
430 422
430 423
430 424
430 425
430 426
430 427
430 428
430 429
431 419
431 420
431 421
431 422
431 423
431 424
431 425
431 426
431 427
431 428
431 429
431 430
432 419
432 420
432 421
432 422
432 423
432 424
432 425
432 426
432 427
432 428
432 429
432 430
432 431
433 419
433 420
433 421
433 422
433 423
433 424
433 425
433 426
433 427
433 428
433 429
433 430
433 431
433 432
434 419
434 420
434 421
434 422
434 423
434 424
434 425
434 426
434 427
434 428
434 429
434 430
434 431
434 432
434 433
435 419
435 420
435 421
435 422
435 423
435 424
435 425
435 426
435 427
435 428
435 429
435 430
435 431
435 432
435 433
435 434
437 436
438 436
438 437
439 436
439 437
439 438
440 436
440 437
440 438
440 439
441 436
441 437
441 438
441 439
441 440
442 436
442 437
442 438
442 439
442 440
442 441
443 436
443 437
443 438
443 439
443 440
443 441
443 442
444 436
444 437
444 438
444 439
444 440
444 441
444 442
444 443
446 436
446 437
446 438
446 439
446 440
446 441
446 442
446 443
446 444
447 436
447 437
447 438
447 439
447 440
447 441
447 442
447 443
447 444
447 446
448 436
448 437
448 438
448 439
448 440
448 441
448 442
448 443
448 444
448 446
448 447
451 450
452 450
452 451
453 450
453 451
453 452
454 450
454 451
454 452
454 453
455 450
455 451
455 452
455 453
455 454
458 457
459 457
459 458
460 457
460 458
460 459
461 457
461 458
461 459
461 460
463 462
464 462
464 463
465 462
465 463
465 464
468 467
470 469
471 469
471 470
472 469
472 470
472 471
473 119
474 119
474 473
476 475
477 475
477 476
478 475
478 476
478 477
479 475
479 476
479 477
479 478
480 119
481 119
481 480
483 119
483 480
483 481
485 484
486 484
486 485
487 484
487 485
487 486
488 484
488 485
488 486
488 487
489 484
489 485
489 486
489 487
489 488
491 490
492 490
492 491
493 490
493 491
493 492
494 490
494 491
494 492
494 493
496 495
497 495
497 496
498 495
498 496
498 497
499 495
499 496
499 497
499 498
501 500
502 500
502 501
503 500
503 501
503 502
504 500
504 501
504 502
504 503
505 500
505 501
505 502
505 503
505 504
506 500
506 501
506 502
506 503
506 504
506 505
507 500
507 501
507 502
507 503
507 504
507 505
507 506
509 508
510 508
510 509
511 508
511 509
511 510
513 512
516 515
517 515
517 516
518 515
518 516
518 517
523 522
524 522
524 523
525 522
525 523
525 524
526 522
526 523
526 524
526 525
527 522
527 523
527 524
527 525
527 526
529 528
530 528
530 529
531 528
531 529
531 530
533 528
533 529
533 530
533 531
534 528
534 529
534 530
534 531
534 533
535 528
535 529
535 530
535 531
535 533
535 534
536 528
536 529
536 530
536 531
536 533
536 534
536 535
537 528
537 529
537 530
537 531
537 533
537 534
537 535
537 536
538 528
538 529
538 530
538 531
538 533
538 534
538 535
538 536
538 537
539 528
539 529
539 530
539 531
539 533
539 534
539 535
539 536
539 537
539 538
540 528
540 529
540 530
540 531
540 533
540 534
540 535
540 536
540 537
540 538
540 539
541 528
541 529
541 530
541 531
541 533
541 534
541 535
541 536
541 537
541 538
541 539
541 540
542 528
542 529
542 530
542 531
542 533
542 534
542 535
542 536
542 537
542 538
542 539
542 540
542 541
543 528
543 529
543 530
543 531
543 533
543 534
543 535
543 536
543 537
543 538
543 539
543 540
543 541
543 542
546 545
547 545
547 546
548 545
548 546
548 547
549 545
549 546
549 547
549 548
551 550
552 550
552 551
553 550
553 551
553 552
554 550
554 551
554 552
554 553
555 550
555 551
555 552
555 553
555 554
556 550
556 551
556 552
556 553
556 554
556 555
557 550
557 551
557 552
557 553
557 554
557 555
557 556
558 550
558 551
558 552
558 553
558 554
558 555
558 556
558 557
560 559
561 559
561 560
562 559
562 560
562 561
563 559
563 560
563 561
563 562
564 559
564 560
564 561
564 562
564 563
565 559
565 560
565 561
565 562
565 563
565 564
566 559
566 560
566 561
566 562
566 563
566 564
566 565
567 559
567 560
567 561
567 562
567 563
567 564
567 565
567 566
568 559
568 560
568 561
568 562
568 563
568 564
568 565
568 566
568 567
569 559
569 560
569 561
569 562
569 563
569 564
569 565
569 566
569 567
569 568
570 559
570 560
570 561
570 562
570 563
570 564
570 565
570 566
570 567
570 568
570 569
572 571
573 571
573 572
574 571
574 572
574 573
575 571
575 572
575 573
575 574
576 571
576 572
576 573
576 574
576 575
577 571
577 572
577 573
577 574
577 575
577 576
578 571
578 572
578 573
578 574
578 575
578 576
578 577
579 571
579 572
579 573
579 574
579 575
579 576
579 577
579 578
580 571
580 572
580 573
580 574
580 575
580 576
580 577
580 578
580 579
581 571
581 572
581 573
581 574
581 575
581 576
581 577
581 578
581 579
581 580
582 571
582 572
582 573
582 574
582 575
582 576
582 577
582 578
582 579
582 580
582 581
583 571
583 572
583 573
583 574
583 575
583 576
583 577
583 578
583 579
583 580
583 581
583 582
584 571
584 572
584 573
584 574
584 575
584 576
584 577
584 578
584 579
584 580
584 581
584 582
584 583
585 571
585 572
585 573
585 574
585 575
585 576
585 577
585 578
585 579
585 580
585 581
585 582
585 583
585 584
587 586
588 586
588 587
590 589
591 589
591 590
592 589
592 590
592 591
594 593
595 593
595 594
596 593
596 594
596 595
597 593
597 594
597 595
597 596
598 593
598 594
598 595
598 596
598 597
600 599
601 599
601 600
602 599
602 600
602 601
603 599
603 600
603 601
603 602
605 604
606 604
606 605
607 604
607 605
607 606
608 604
608 605
608 606
608 607
609 604
609 605
609 606
609 607
609 608
610 604
610 605
610 606
610 607
610 608
610 609
611 604
611 605
611 606
611 607
611 608
611 609
611 610
612 604
612 605
612 606
612 607
612 608
612 609
612 610
612 611
613 604
613 605
613 606
613 607
613 608
613 609
613 610
613 611
613 612
614 604
614 605
614 606
614 607
614 608
614 609
614 610
614 611
614 612
614 613
615 604
615 605
615 606
615 607
615 608
615 609
615 610
615 611
615 612
615 613
615 614
617 616
618 616
618 617
619 616
619 617
619 618
620 616
620 617
620 618
620 619
621 616
621 617
621 618
621 619
621 620
623 622
624 622
624 623
625 622
625 623
625 624
626 622
626 623
626 624
626 625
627 622
627 623
627 624
627 625
627 626
629 628
630 628
630 629
631 628
631 629
631 630
632 628
632 629
632 630
632 631
633 628
633 629
633 630
633 631
633 632
634 628
634 629
634 630
634 631
634 632
634 633
635 628
635 629
635 630
635 631
635 632
635 633
635 634
636 628
636 629
636 630
636 631
636 632
636 633
636 634
636 635
637 628
637 629
637 630
637 631
637 632
637 633
637 634
637 635
637 636
640 639
641 639
641 640
642 639
642 640
642 641
643 639
643 640
643 641
643 642
644 639
644 640
644 641
644 642
644 643
645 639
645 640
645 641
645 642
645 643
645 644
646 639
646 640
646 641
646 642
646 643
646 644
646 645
648 647
649 647
649 648
650 647
650 648
650 649
652 651
653 651
653 652
654 651
654 652
654 653
655 651
655 652
655 653
655 654
656 651
656 652
656 653
656 654
656 655
657 651
657 652
657 653
657 654
657 655
657 656
658 119
660 659
661 659
661 660
662 659
662 660
662 661
663 659
663 660
663 661
663 662
664 659
664 660
664 661
664 662
664 663
665 659
665 660
665 661
665 662
665 663
665 664
666 659
666 660
666 661
666 662
666 663
666 664
666 665
667 659
667 660
667 661
667 662
667 663
667 664
667 665
667 666
668 659
668 660
668 661
668 662
668 663
668 664
668 665
668 666
668 667
669 659
669 660
669 661
669 662
669 663
669 664
669 665
669 666
669 667
669 668
671 670
672 670
672 671
